3000	g	[0][1]	16	0.000000
3000	p	[0][1]	16	19.832368
3000	c	[0][1]	16	0.533314
3000	t	[0][1]	16	20.370163
3000	g	[0][2]	16	0.000000
3000	p	[0][2]	16	19.864753
3000	c	[0][2]	16	0.503490
3000	t	[0][2]	16	20.373203
3000	g	[0][3]	16	0.000000
3000	p	[0][3]	16	17.283918
3000	c	[0][3]	16	3.089311
3000	t	[0][3]	16	20.378335
3000	g	[1][0]	16	0.000000
3000	p	[1][0]	16	19.409048
3000	c	[1][0]	16	0.969161
3000	t	[1][0]	16	20.383079
3000	g	[1][1]	16	0.000000
3000	p	[1][1]	16	17.464834
3000	c	[1][1]	16	2.918851
3000	t	[1][1]	16	20.388448
3000	g	[1][2]	16	0.000000
3000	p	[1][2]	16	19.362621
3000	c	[1][2]	16	1.025055
3000	t	[1][2]	16	20.392389
3000	g	[1][3]	16	0.000000
3000	p	[1][3]	16	17.967813
3000	c	[1][3]	16	2.423164
3000	t	[1][3]	16	20.395848
3000	g	[2][0]	16	0.000000
3000	p	[2][0]	16	19.466873
3000	c	[2][0]	16	0.928441
3000	t	[2][0]	16	20.400258
3000	g	[2][1]	16	0.000000
3000	p	[2][1]	16	19.836148
3000	c	[2][1]	16	0.565327
3000	t	[2][1]	16	20.406580
3000	g	[2][2]	16	0.000000
3000	p	[2][2]	16	17.454514
3000	c	[2][2]	16	2.952379
3000	t	[2][2]	16	20.411507
3000	g	[2][3]	16	0.000000
3000	p	[2][3]	16	19.915004
3000	c	[2][3]	16	0.496279
3000	t	[2][3]	16	20.416105
3000	g	[3][0]	16	0.000000
3000	p	[3][0]	16	19.811050
3000	c	[3][0]	16	0.603777
3000	t	[3][0]	16	20.419753
3000	g	[3][1]	16	0.000000
3000	p	[3][1]	16	16.625856
3000	c	[3][1]	16	3.793708
3000	t	[3][1]	16	20.424416
3000	g	[3][2]	16	0.000000
3000	p	[3][2]	16	17.814561
3000	c	[3][2]	16	2.608160
3000	t	[3][2]	16	20.427400
3000	g	[3][3]	16	0.000000
3000	p	[3][3]	16	16.666602
3000	c	[3][3]	16	3.759822
3000	t	[3][3]	16	20.431135
3000	g	[0][0]	16	0.195024
3000	p	[0][0]	16	30.259062
3000	c	[0][0]	16	0.261980
3000	t	[0][0]	16	30.721763
