5000	g	[0][1]	16	0.000000
5000	p	[0][1]	16	75.301505
5000	c	[0][1]	16	17.103350
5000	t	[0][1]	16	92.416993
5000	g	[0][2]	16	0.000000
5000	p	[0][2]	16	76.561152
5000	c	[0][2]	16	15.851478
5000	t	[0][2]	16	92.424887
5000	g	[0][3]	16	0.000000
5000	p	[0][3]	16	75.145519
5000	c	[0][3]	16	17.277774
5000	t	[0][3]	16	92.435333
5000	g	[1][0]	16	0.000000
5000	p	[1][0]	16	75.762316
5000	c	[1][0]	16	16.670758
5000	t	[1][0]	16	92.445095
5000	g	[1][1]	16	0.000000
5000	p	[1][1]	16	75.598218
5000	c	[1][1]	16	16.844843
5000	t	[1][1]	16	92.455067
5000	g	[1][2]	16	0.000000
5000	p	[1][2]	16	76.314593
5000	c	[1][2]	16	16.136947
5000	t	[1][2]	16	92.463560
5000	g	[1][3]	16	0.000000
5000	p	[1][3]	16	75.707478
5000	c	[1][3]	16	16.754441
5000	t	[1][3]	16	92.473813
5000	g	[2][0]	16	0.000000
5000	p	[2][0]	16	77.179656
5000	c	[2][0]	16	15.294693
5000	t	[2][0]	16	92.486439
5000	g	[2][1]	16	0.000000
5000	p	[2][1]	16	76.648974
5000	c	[2][1]	16	15.837911
5000	t	[2][1]	16	92.498609
5000	g	[2][2]	16	0.000000
5000	p	[2][2]	16	76.622152
5000	c	[2][2]	16	15.873934
5000	t	[2][2]	16	92.507899
5000	g	[2][3]	16	0.000000
5000	p	[2][3]	16	76.645368
5000	c	[2][3]	16	15.862208
5000	t	[2][3]	16	92.519195
5000	g	[3][0]	16	0.000000
5000	p	[3][0]	16	75.548815
5000	c	[3][0]	16	16.970162
5000	t	[3][0]	16	92.530774
5000	g	[3][1]	16	0.000000
5000	p	[3][1]	16	75.462742
5000	c	[3][1]	16	17.070997
5000	t	[3][1]	16	92.545807
5000	g	[3][2]	16	0.000000
5000	p	[3][2]	16	77.235067
5000	c	[3][2]	16	15.305476
5000	t	[3][2]	16	92.552591
5000	g	[3][3]	16	0.000000
5000	p	[3][3]	16	75.634920
5000	c	[3][3]	16	16.915125
5000	t	[3][3]	16	92.561914
5000	g	[0][0]	16	0.538486
5000	p	[0][0]	16	138.970529
5000	c	[0][0]	16	0.352843
5000	t	[0][0]	16	139.875019
