4000	g	[0][1]	16	0.000000
4000	p	[0][1]	16	54.430005
4000	c	[0][1]	16	3.689412
4000	t	[0][1]	16	58.127571
4000	g	[0][2]	16	0.000000
4000	p	[0][2]	16	56.265637
4000	c	[0][2]	16	1.858811
4000	t	[0][2]	16	58.132797
4000	g	[0][3]	16	0.000000
4000	p	[0][3]	16	38.104847
4000	c	[0][3]	16	20.027448
4000	t	[0][3]	16	58.140083
4000	g	[1][0]	16	0.000000
4000	p	[1][0]	16	48.810203
4000	c	[1][0]	16	9.329739
4000	t	[1][0]	16	58.147650
4000	g	[1][1]	16	0.000000
4000	p	[1][1]	16	38.148638
4000	c	[1][1]	16	19.998964
4000	t	[1][1]	16	58.154927
4000	g	[1][2]	16	0.000000
4000	p	[1][2]	16	38.315408
4000	c	[1][2]	16	19.837743
4000	t	[1][2]	16	58.160969
4000	g	[1][3]	16	0.000000
4000	p	[1][3]	16	38.024885
4000	c	[1][3]	16	20.133987
4000	t	[1][3]	16	58.166715
4000	g	[2][0]	16	0.000000
4000	p	[2][0]	16	49.128149
4000	c	[2][0]	16	9.039720
4000	t	[2][0]	16	58.175768
4000	g	[2][1]	16	0.000000
4000	p	[2][1]	16	38.276775
4000	c	[2][1]	16	19.899059
4000	t	[2][1]	16	58.183274
4000	g	[2][2]	16	0.000000
4000	p	[2][2]	16	38.146023
4000	c	[2][2]	16	20.036310
4000	t	[2][2]	16	58.189816
4000	g	[2][3]	16	0.000000
4000	p	[2][3]	16	38.177550
4000	c	[2][3]	16	20.012257
4000	t	[2][3]	16	58.197720
4000	g	[3][0]	16	0.000000
4000	p	[3][0]	16	38.101747
4000	c	[3][0]	16	20.094910
4000	t	[3][0]	16	58.204558
4000	g	[3][1]	16	0.000000
4000	p	[3][1]	16	37.993812
4000	c	[3][1]	16	20.213091
4000	t	[3][1]	16	58.214698
4000	g	[3][2]	16	0.000000
4000	p	[3][2]	16	38.202229
4000	c	[3][2]	16	20.009925
4000	t	[3][2]	16	58.219825
4000	g	[3][3]	16	0.000000
4000	p	[3][3]	16	38.034423
4000	c	[3][3]	16	20.184491
4000	t	[3][3]	16	58.226655
4000	g	[0][0]	16	0.345227
4000	p	[0][0]	16	65.106203
4000	c	[0][0]	16	17.164982
4000	t	[0][0]	16	82.625010
