2000	g	[0][1]	16	0.000000
2000	p	[0][1]	16	4.630359
2000	c	[0][1]	16	0.210263
2000	t	[0][1]	16	4.842290
2000	g	[0][2]	16	0.000000
2000	p	[0][2]	16	4.645808
2000	c	[0][2]	16	0.196334
2000	t	[0][2]	16	4.843962
2000	g	[0][3]	16	0.000000
2000	p	[0][3]	16	4.653490
2000	c	[0][3]	16	0.190964
2000	t	[0][3]	16	4.846203
2000	g	[1][0]	16	0.000000
2000	p	[1][0]	16	4.639746
2000	c	[1][0]	16	0.207030
2000	t	[1][0]	16	4.848441
2000	g	[1][1]	16	0.000000
2000	p	[1][1]	16	4.638806
2000	c	[1][1]	16	0.210459
2000	t	[1][1]	16	4.850940
2000	g	[1][2]	16	0.000000
2000	p	[1][2]	16	4.645906
2000	c	[1][2]	16	0.205558
2000	t	[1][2]	16	4.853187
2000	g	[1][3]	16	0.000000
2000	p	[1][3]	16	4.643396
2000	c	[1][3]	16	0.209545
2000	t	[1][3]	16	4.854694
2000	g	[2][0]	16	0.000000
2000	p	[2][0]	16	4.640422
2000	c	[2][0]	16	0.214847
2000	t	[2][0]	16	4.856866
2000	g	[2][1]	16	0.000000
2000	p	[2][1]	16	4.652530
2000	c	[2][1]	16	0.205213
2000	t	[2][1]	16	4.859451
2000	g	[2][2]	16	0.000000
2000	p	[2][2]	16	4.654496
2000	c	[2][2]	16	0.205798
2000	t	[2][2]	16	4.861994
2000	g	[2][3]	16	0.000000
2000	p	[2][3]	16	4.654057
2000	c	[2][3]	16	0.208708
2000	t	[2][3]	16	4.864520
2000	g	[3][0]	16	0.000000
2000	p	[3][0]	16	4.663542
2000	c	[3][0]	16	0.201311
2000	t	[3][0]	16	4.866504
2000	g	[3][1]	16	0.000000
2000	p	[3][1]	16	4.650827
2000	c	[3][1]	16	0.216896
2000	t	[3][1]	16	4.869361
2000	g	[3][2]	16	0.000000
2000	p	[3][2]	16	4.664687
2000	c	[3][2]	16	0.204495
2000	t	[3][2]	16	4.870859
2000	g	[3][3]	16	0.000000
2000	p	[3][3]	16	4.657488
2000	c	[3][3]	16	0.213345
2000	t	[3][3]	16	4.872521
2000	g	[0][0]	16	0.087658
2000	p	[0][0]	16	7.605032
2000	c	[0][0]	16	0.107998
2000	t	[0][0]	16	7.802920
