6000	g	[0][1]	16	0.000000
6000	p	[0][1]	16	132.236196
6000	c	[0][1]	16	20.594774
6000	t	[0][1]	16	152.846781
6000	g	[0][2]	16	0.000000
6000	p	[0][2]	16	133.869940
6000	c	[0][2]	16	18.972744
6000	t	[0][2]	16	152.858989
6000	g	[0][3]	16	0.000000
6000	p	[0][3]	16	131.053096
6000	c	[0][3]	16	21.805777
6000	t	[0][3]	16	152.874105
6000	g	[1][0]	16	0.000000
6000	p	[1][0]	16	133.332792
6000	c	[1][0]	16	19.540220
6000	t	[1][0]	16	152.889128
6000	g	[1][1]	16	0.000000
6000	p	[1][1]	16	133.461323
6000	c	[1][1]	16	19.427198
6000	t	[1][1]	16	152.904642
6000	g	[1][2]	16	0.000000
6000	p	[1][2]	16	133.852120
6000	c	[1][2]	16	19.049578
6000	t	[1][2]	16	152.917508
6000	g	[1][3]	16	0.000000
6000	p	[1][3]	16	131.089471
6000	c	[1][3]	16	21.825608
6000	t	[1][3]	16	152.930243
6000	g	[2][0]	16	0.000000
6000	p	[2][0]	16	133.982407
6000	c	[2][0]	16	18.949327
6000	t	[2][0]	16	152.946916
6000	g	[2][1]	16	0.000000
6000	p	[2][1]	16	132.950463
6000	c	[2][1]	16	19.996729
6000	t	[2][1]	16	152.962646
6000	g	[2][2]	16	0.000000
6000	p	[2][2]	16	134.370964
6000	c	[2][2]	16	18.589872
6000	t	[2][2]	16	152.977043
6000	g	[2][3]	16	0.000000
6000	p	[2][3]	16	132.517079
6000	c	[2][3]	16	20.460318
6000	t	[2][3]	16	152.992874
6000	g	[3][0]	16	0.000000
6000	p	[3][0]	16	131.362253
6000	c	[3][0]	16	21.630918
6000	t	[3][0]	16	153.008453
6000	g	[3][1]	16	0.000000
6000	p	[3][1]	16	132.008130
6000	c	[3][1]	16	21.001940
6000	t	[3][1]	16	153.026516
6000	g	[3][2]	16	0.000000
6000	p	[3][2]	16	132.844749
6000	c	[3][2]	16	20.175448
6000	t	[3][2]	16	153.035350
6000	g	[3][3]	16	0.000000
6000	p	[3][3]	16	132.894244
6000	c	[3][3]	16	20.138782
6000	t	[3][3]	16	153.049438
6000	g	[0][0]	16	0.779668
6000	p	[0][0]	16	232.773137
6000	c	[0][0]	16	0.874443
6000	t	[0][0]	16	234.444241
