6000	g	[0][1]	9	0.000000
6000	p	[0][1]	9	254.330299
6000	c	[0][1]	9	3.686206
6000	t	[0][1]	9	258.043836
6000	g	[0][2]	9	0.000000
6000	p	[0][2]	9	255.272010
6000	c	[0][2]	9	2.761233
6000	t	[0][2]	9	258.064271
6000	g	[1][0]	9	0.000000
6000	p	[1][0]	9	254.764370
6000	c	[1][0]	9	3.298747
6000	t	[1][0]	9	258.091236
6000	g	[1][1]	9	0.000000
6000	p	[1][1]	9	230.880071
6000	c	[1][1]	9	27.250181
6000	t	[1][1]	9	258.157686
6000	g	[1][2]	9	0.000000
6000	p	[1][2]	9	230.748271
6000	c	[1][2]	9	27.411057
6000	t	[1][2]	9	258.186657
6000	g	[2][0]	9	0.000000
6000	p	[2][0]	9	232.060494
6000	c	[2][0]	9	26.121839
6000	t	[2][0]	9	258.210315
6000	g	[2][1]	9	0.000000
6000	p	[2][1]	9	231.231066
6000	c	[2][1]	9	26.974981
6000	t	[2][1]	9	258.233458
6000	g	[2][2]	9	0.000000
6000	p	[2][2]	9	232.686639
6000	c	[2][2]	9	25.545705
6000	t	[2][2]	9	258.260705
6000	g	[0][0]	9	0.779419
6000	p	[0][0]	9	338.161246
6000	c	[0][0]	9	1.028724
6000	t	[0][0]	9	339.997869
