4000	g	[0][1]	9	0.000000
4000	p	[0][1]	9	79.484738
4000	c	[0][1]	9	15.283714
4000	t	[0][1]	9	94.781112
4000	g	[0][2]	9	0.000000
4000	p	[0][2]	9	89.225758
4000	c	[0][2]	9	6.264505
4000	t	[0][2]	9	95.503864
4000	g	[1][0]	9	0.000000
4000	p	[1][0]	9	80.050895
4000	c	[1][0]	9	15.452986
4000	t	[1][0]	9	95.516477
4000	g	[1][1]	9	0.000000
4000	p	[1][1]	9	78.235629
4000	c	[1][1]	9	17.280751
4000	t	[1][1]	9	95.529744
4000	g	[1][2]	9	0.000000
4000	p	[1][2]	9	79.652326
4000	c	[1][2]	9	15.875041
4000	t	[1][2]	9	95.540778
4000	g	[2][0]	9	0.000000
4000	p	[2][0]	9	69.984487
4000	c	[2][0]	9	25.554086
4000	t	[2][0]	9	95.551707
4000	g	[2][1]	9	0.000000
4000	p	[2][1]	9	80.475229
4000	c	[2][1]	9	15.074103
4000	t	[2][1]	9	95.562626
4000	g	[2][2]	9	0.000000
4000	p	[2][2]	9	76.315952
4000	c	[2][2]	9	19.245211
4000	t	[2][2]	9	95.574661
4000	g	[0][0]	9	0.501219
4000	p	[0][0]	9	116.085212
4000	c	[0][0]	9	3.286808
4000	t	[0][0]	9	119.886413
