2000	g	[0][1]	9	0.000000
2000	p	[0][1]	9	8.285590
2000	c	[0][1]	9	0.189814
2000	t	[0][1]	9	8.479225
2000	g	[0][2]	9	0.000000
2000	p	[0][2]	9	8.287499
2000	c	[0][2]	9	0.190798
2000	t	[0][2]	9	8.482106
2000	g	[1][0]	9	0.000000
2000	p	[1][0]	9	8.290286
2000	c	[1][0]	9	0.192224
2000	t	[1][0]	9	8.486330
2000	g	[1][1]	9	0.000000
2000	p	[1][1]	9	8.299680
2000	c	[1][1]	9	0.186272
2000	t	[1][1]	9	8.489693
2000	g	[1][2]	9	0.000000
2000	p	[1][2]	9	8.290384
2000	c	[1][2]	9	0.199478
2000	t	[1][2]	9	8.493604
2000	g	[2][0]	9	0.000000
2000	p	[2][0]	9	8.291077
2000	c	[2][0]	9	0.202400
2000	t	[2][0]	9	8.497097
2000	g	[2][1]	9	0.000000
2000	p	[2][1]	9	8.298859
2000	c	[2][1]	9	0.197208
2000	t	[2][1]	9	8.499823
2000	g	[2][2]	9	0.000000
2000	p	[2][2]	9	8.301191
2000	c	[2][2]	9	0.199219
2000	t	[2][2]	9	8.504212
2000	g	[0][0]	9	0.086979
2000	p	[0][0]	9	11.239627
2000	c	[0][0]	9	0.089858
2000	t	[0][0]	9	11.420612
