5000	g	[0][1]	9	0.000000
5000	p	[0][1]	9	163.579564
5000	c	[0][1]	9	18.132898
5000	t	[0][1]	9	181.731016
5000	g	[0][2]	9	0.000000
5000	p	[0][2]	9	164.040909
5000	c	[0][2]	9	17.684154
5000	t	[0][2]	9	181.745400
5000	g	[1][0]	9	0.000000
5000	p	[1][0]	9	163.675547
5000	c	[1][0]	9	18.068545
5000	t	[1][0]	9	181.763886
5000	g	[1][1]	9	0.000000
5000	p	[1][1]	9	138.892892
5000	c	[1][1]	9	42.869573
5000	t	[1][1]	9	181.782483
5000	g	[1][2]	9	0.000000
5000	p	[1][2]	9	139.985052
5000	c	[1][2]	9	41.797262
5000	t	[1][2]	9	181.802113
5000	g	[2][0]	9	0.000000
5000	p	[2][0]	9	138.725889
5000	c	[2][0]	9	43.074202
5000	t	[2][0]	9	181.820077
5000	g	[2][1]	9	0.000000
5000	p	[2][1]	9	138.388760
5000	c	[2][1]	9	43.428170
5000	t	[2][1]	9	181.837119
5000	g	[2][2]	9	0.000000
5000	p	[2][2]	9	139.146309
5000	c	[2][2]	9	42.690570
5000	t	[2][2]	9	181.856628
5000	g	[0][0]	9	0.746119
5000	p	[0][0]	9	228.043625
5000	c	[0][0]	9	0.410069
5000	t	[0][0]	9	229.221283
