3000	g	[0][1]	9	0.000000
3000	p	[0][1]	9	71.790404
3000	c	[0][1]	9	0.712443
3000	t	[0][1]	9	72.510947
3000	g	[0][2]	9	0.000000
3000	p	[0][2]	9	71.838670
3000	c	[0][2]	9	0.668693
3000	t	[0][2]	9	72.515721
3000	g	[1][0]	9	0.000000
3000	p	[1][0]	9	71.719677
3000	c	[1][0]	9	0.794864
3000	t	[1][0]	9	72.523242
3000	g	[1][1]	9	0.000000
3000	p	[1][1]	9	43.469106
3000	c	[1][1]	9	29.053795
3000	t	[1][1]	9	72.531047
3000	g	[1][2]	9	0.000000
3000	p	[1][2]	9	33.224639
3000	c	[1][2]	9	39.306822
3000	t	[1][2]	9	72.539530
3000	g	[2][0]	9	0.000000
3000	p	[2][0]	9	43.325497
3000	c	[2][0]	9	29.211764
3000	t	[2][0]	9	72.545571
3000	g	[2][1]	9	0.000000
3000	p	[2][1]	9	33.138948
3000	c	[2][1]	9	39.405296
3000	t	[2][1]	9	72.551576
3000	g	[2][2]	9	0.000000
3000	p	[2][2]	9	33.201000
3000	c	[2][2]	9	39.351566
3000	t	[2][2]	9	72.560441
3000	g	[0][0]	9	0.196585
3000	p	[0][0]	9	50.254214
3000	c	[0][0]	9	32.391440
3000	t	[0][0]	9	82.850533
